%YAML:1.0

#laser0:
#  T_imu_laser:
#    - [0.9950042, 0.0, -0.0998334,0]
#    - [0.0, 1.0, 0.0, 0.10]
#    - [0.0998334, 0.0, 0.9950042, 0]
#    - [0.0, 0.0, 0.0, 1.0]
#  laser_model: mid40
#  rostopic: /livox/lidar
#  timeshift_laser_imu: 0

laser0:
  T_imu_laser:
    rows: 4
    cols: 4
    data: [
        0.995,  -0.02409,  -0.09714,  -0.02069,
        0.02258, 0.9996,  -0.01663,   0.07833,
        0.0975,   0.01435,    0.9951, -0.005892,
        0,         0,         0,         1 ]
  laser_model: mid40
  rostopic: /livox/lidar
  timeshift_laser_imu: 0
