%YAML:1.0

#laser0:
#  T_imu_laser:
#    - [0.9950042, 0.0, -0.0998334,0]
#    - [0.0, 1.0, 0.0, 0.10]
#    - [0.0998334, 0.0, 0.9950042, 0]
#    - [0.0, 0.0, 0.0, 1.0]
#  laser_model: mid40
#  rostopic: /livox/lidar
#  timeshift_laser_imu: 0

laser0:
  T_imu_laser:
    rows: 4
    cols: 4
    data: [
        0.9953, -0.008892,  -0.09676,  -0.0471,
        0.007023,    0.9998,  -0.01965,    0.1411,
        0.09691,   0.01887,    0.9951, -0.007541,
        0,         0,         0,         1 ]
  laser_model: mid40
  rostopic: /livox/lidar
  timeshift_laser_imu: 0
  time_interval_pts: 1.0e-5
